0.0077 0.0077 0.0048 0.0048
0.0121 0.0121 0.0070 0.0071
0.0069 0.0069 0.0046 0.0045
0.0097 0.0097 0.0050 0.0050
0.0093 0.0093 0.0057 0.0057
0.0113 0.0113 0.0040 0.0040
0.0103 0.0103 0.0081 0.0081
0.0094 0.0094 0.0072 0.0052
0.0074 0.0074 0.0070 0.0052
0.0141 0.0141 0.0066 0.0066
0.0082 0.0082 0.0027 0.0042
0.0057 0.0057 0.0040 0.0038
0.0057 0.0057 0.0026 0.0026
0.0135 0.0135 0.0082 0.0075
0.0068 0.0068 0.0048 0.0017
0.0055 0.0055 0.0043 0.0019
0.0063 0.0063 0.0040 0.0040
0.0071 0.0071 0.0024 0.0024
0.0106 0.0106 0.0038 0.0042
0.0084 0.0084 0.0030 0.0030
