24.5313 6.7188 4.1875 1.2656
21.6719 4.8594 2.5625 2.2500
20.9375 5.6406 2.8438 1.0000
21.4063 5.0938 1.7813 0.9063
20.5469 4.7969 2.8594 0.8281
20.2344 4.6250 2.0000 1.2656
20.0313 4.9844 8.2656 1.9688
20.8750 4.7656 20.5625 5.9531
21.8750 4.7500 17.8750 1.3906
20.2500 4.6250 1.5313 3.4375
20.8125 5.1250 2.1563 3.4063
20.6875 5.1094 1.3906 2.3438
20.8125 5.1094 3.8125 1.4531
21.4844 5.3281 23.7500 4.8750
21.8125 5.2344 15.7500 0.6094
21.0625 4.8906 25.1875 1.3594
21.5781 5.1250 3.5313 1.5000
21.5781 6.0938 5.6875 0.7969
20.7188 5.1250 3.2344 3.0469
20.8438 5.2031 3.7969 1.7656
